%YAML:1.0
---
Camera_Matrix: !!opencv-matrix
   rows: 3
   cols: 3
   dt: d
   data: [ 6.1141055183442006e+02, 0., 3.1184349444095727e+02, 0., 6.1370414943358196e+02, 2.3682206048863679e+02, 0., 0., 1. ]
Distortion_Coefficients: [ -2.1471319375910350e-01
   ,9.9061377253372995e-01, -6.1954412774756244e-03,
   -5.0507546543237230e-03, -1.7598975969220148e+00 ]