%YAML:1.0
---
Rotations:
   - !!opencv-matrix
      rows: 3
      cols: 1
      dt: d
      data: [ -1.1088854551690679e-01, -5.1699489631455497e-01,
          9.9910927392874258e-02 ]
   - !!opencv-matrix
      rows: 3
      cols: 1
      dt: d
      data: [ -1.7577249641195565e-02, -1.8320504373635993e-01,
          1.4634677844689684e-01 ]
   - !!opencv-matrix
      rows: 3
      cols: 1
      dt: d
      data: [ 1.1672109242312075e-01, -8.2923378181389096e-01,
          -1.3040569081696735e-01 ]
   - !!opencv-matrix
      rows: 3
      cols: 1
      dt: d
      data: [ -5.9295549218156267e-02, 5.0322249130968844e-01,
          1.3119739338904837e-01 ]
   - !!opencv-matrix
      rows: 3
      cols: 1
      dt: d
      data: [ 7.1535964270906038e-01, 1.9684188309102377e-01,
          8.1346999578184559e-02 ]
Translations:
   - !!opencv-matrix
      rows: 3
      cols: 1
      dt: d
      data: [ -5.4618469467558812e+00, -1.5673647107017836e+00,
          3.3397486540556379e+01 ]
   - !!opencv-matrix
      rows: 3
      cols: 1
      dt: d
      data: [ -1.1116392060671840e+01, -7.5560729761329712e+00,
          4.1918528016529848e+01 ]
   - !!opencv-matrix
      rows: 3
      cols: 1
      dt: d
      data: [ -9.2829381028628912e+00, -2.3568716011687338e+00,
          2.0231031294795152e+01 ]
   - !!opencv-matrix
      rows: 3
      cols: 1
      dt: d
      data: [ -1.8002965664324853e+00, -3.6757524627519196e+00,
          2.5869991918202583e+01 ]
   - !!opencv-matrix
      rows: 3
      cols: 1
      dt: d
      data: [ -7.8695554324508841e+00, -1.8291199244934291e+00,
          1.7743628709049684e+01 ]
